1 = 0 0 16 16
10 = 16 0 16 16
11 = 0 16 16 16
12 = 16 16 16 16
13 = 32 0 16 16
14 = 32 16 16 16
15 = 48 0 16 16
16 = 48 16 16 16
17 = 0 32 16 16
18 = 0 48 16 16
19 = 16 32 16 16
2 = 32 32 16 16
20 = 16 48 16 16
21 = 32 48 16 16
22 = 48 32 16 16
23 = 48 48 16 16
24 = 64 0 16 16
25 = 80 0 16 16
26 = 64 16 16 16
27 = 96 0 16 16
28 = 80 16 16 16
29 = 64 32 16 16
3 = 80 32 16 16
30 = 64 48 16 16
31 = 96 16 16 16
32 = 112 0 16 16
33 = 112 16 16 16
34 = 96 32 16 16
35 = 80 48 16 16
36 = 96 48 16 16
37 = 112 32 16 16
38 = 112 48 16 16
39 = 0 64 16 16
4 = 16 64 16 16
40 = 0 80 16 16
41 = 16 80 16 16
42 = 0 96 16 16
43 = 32 64 16 16
44 = 16 96 16 16
45 = 0 112 16 16
46 = 32 80 16 16
47 = 48 64 16 16
48 = 64 64 16 16
49 = 32 96 16 16
5 = 16 112 16 16
50 = 48 80 16 16
51 = 32 112 16 16
52 = 64 80 16 16
53 = 48 96 16 16
54 = 80 64 16 16
55 = 64 96 16 16
56 = 48 112 16 16
57 = 96 64 16 16
58 = 80 80 16 16
59 = 96 80 16 16
6 = 80 96 16 16
60 = 64 112 16 16
61 = 112 64 16 16
62 = 80 112 16 16
63 = 112 80 16 16
64 = 96 96 16 16
65 = 112 96 16 16
66 = 96 112 16 16
67 = 112 112 16 16
68 = 128 0 16 16
69 = 128 16 16 16
7 = 128 32 16 16
70 = 128 48 16 16
71 = 128 64 16 16
72 = 128 80 16 16
73 = 128 96 16 16
74 = 128 112 16 16
75 = 0 128 16 16
76 = 16 128 16 16
8 = 32 128 16 16
9 = 48 128 16 16
